2.0 MHz 3415 Ticks 14.0 mV/fC 2.2 microsecond
Freq  1.04 576.77 280.94 289.95 1.04 576.77 265.00 313.50 399.00 401.00
Plane 0 0 0 0 1 1 1 1 2 2
-1 6.34 9.15 8.03 7.79 6.58 9.86 7.50 8.32 9.02 7.71
0.0029282576866764276 41.09540557861328 55.06734085083008 48.68484115600586 50.499732971191406 42.62356948852539 51.71708297729492 44.78031539916992 50.86074447631836 54.567344665527344 51.153160095214844
0.008784773060029283 41.49326705932617 58.857093811035156 49.4073371887207 54.600852966308594 44.5938835144043 56.780975341796875 47.14065933227539 52.0929069519043 57.2231559753418 53.546905517578125
0.014641288433382138 43.32170486450195 66.15125274658203 52.365013122558594 60.178382873535156 45.47586441040039 58.557716369628906 50.057621002197266 56.003929138183594 59.84077835083008 55.57085418701172
0.020497803806734993 44.24768829345703 67.38513946533203 59.76115798950195 68.18470764160156 47.029056549072266 72.48350524902344 51.91954803466797 61.849937438964844 64.96109771728516 60.42549514770508
0.026354319180087845 43.88288497924805 70.54915618896484 56.0123405456543 61.1277961730957 45.58376693725586 67.50279998779297 51.03817367553711 58.14295196533203 63.31177520751953 57.73181915283203
0.032210834553440704 44.163116455078125 71.26951599121094 56.676979064941406 60.827484130859375 46.879173278808594 72.31075286865234 51.45051956176758 60.1127815246582 62.638145446777344 58.066017150878906
0.03806734992679356 43.647212982177734 76.97208404541016 58.56763458251953 63.8353385925293 45.92054748535156 77.3926010131836 52.16057586669922 62.48430633544922 62.437644958496094 60.35920333862305
0.043923865300146414 44.35506820678711 81.20599365234375 58.573997497558594 65.39610290527344 47.741661071777344 81.72549438476562 54.22551345825195 62.006927490234375 66.1741714477539 61.447532653808594
0.04978038067349927 44.542659759521484 82.13567352294922 61.007484436035156 66.19049072265625 47.62781524658203 89.0412826538086 54.687713623046875 63.112388610839844 67.90177917480469 62.83815383911133
0.055636896046852125 43.93227005004883 87.86173248291016 61.08951950073242 67.31539916992188 47.79387283325195 90.38575744628906 54.36260223388672 65.29022216796875 70.23902893066406 63.55377960205078
0.06149341142020498 44.30286407470703 86.74323272705078 61.01121139526367 70.9528579711914 47.55023956298828 93.31138610839844 55.058204650878906 65.66670227050781 69.92657470703125 65.25653076171875
0.06734992679355783 44.48151779174805 91.08642578125 63.69963836669922 73.06150817871094 49.055152893066406 90.78575134277344 55.88848876953125 70.00080871582031 71.01019287109375 64.24299621582031
0.07320644216691069 44.290260314941406 87.03604125976562 61.7793083190918 73.48612976074219 47.531185150146484 92.38619232177734 56.32025909423828 67.24870300292969 70.19105529785156 67.95063781738281
0.07906295754026355 44.09718322753906 91.66446685791016 63.57883834838867 74.31311798095703 47.238746643066406 96.85609436035156 57.29174041748047 68.29277038574219 73.75462341308594 68.26163482666016
0.0849194729136164 43.84135437011719 92.9355239868164 65.45005798339844 74.07948303222656 47.2537727355957 94.27582550048828 56.21123123168945 70.19188690185547 72.6219711303711 66.87071990966797
0.09077598828696924 44.60137176513672 94.64674377441406 64.84164428710938 74.19318389892578 47.302528381347656 98.74051666259766 57.24790573120117 71.08958435058594 71.2182388305664 69.57625579833984
0.09663250366032211 43.61638641357422 94.56780242919922 64.43207550048828 78.14221954345703 46.94856643676758 97.7908935546875 56.0791130065918 72.33160400390625 72.40711975097656 67.13117980957031
0.10248901903367497 43.248924255371094 97.04588317871094 64.14909362792969 73.66632843017578 46.2129020690918 100.2267837524414 57.80956268310547 71.39540100097656 72.12516021728516 69.09297180175781
0.10834553440702782 42.33698272705078 92.3893814086914 62.43464279174805 75.17842102050781 45.189186096191406 107.3556137084961 56.2590217590332 72.41267395019531 71.84727478027344 70.41261291503906
0.11420204978038068 42.516319274902344 96.31646728515625 63.56597900390625 75.99654388427734 43.991004943847656 103.9957504272461 55.88111114501953 73.89602661132812 71.93547058105469 70.45975494384766
0.12005856515373352 41.192413330078125 94.37544250488281 62.325645446777344 74.51091003417969 43.10696029663086 101.98230743408203 55.01709747314453 70.83715057373047 71.80970001220703 67.12388610839844
0.1259150805270864 40.674259185791016 92.931396484375 62.017845153808594 74.28192901611328 42.916404724121094 100.51704406738281 54.40703582763672 71.30362701416016 70.95478057861328 68.00515747070312
0.13177159590043924 39.26665496826172 92.88365173339844 60.4200325012207 72.63863372802734 43.06184005737305 104.78182220458984 54.41945266723633 73.23568725585938 69.99012756347656 67.25663757324219
0.1376281112737921 39.150169372558594 91.46781921386719 62.1619873046875 73.5149154663086 42.02246856689453 103.1233139038086 52.647911071777344 70.04898071289062 69.92256927490234 66.41539001464844
0.14348462664714495 37.948970794677734 95.98521423339844 59.917877197265625 72.24087524414062 40.10054016113281 98.84400939941406 52.7775764465332 68.6414794921875 67.8036117553711 66.26799011230469
0.1493411420204978 37.569305419921875 89.52904510498047 58.730918884277344 69.88041687011719 38.53171920776367 97.37805938720703 50.10411834716797 67.03977966308594 67.39068603515625 64.46427917480469
0.15519765739385066 35.66897201538086 91.07533264160156 57.62491989135742 68.21565246582031 39.079715728759766 94.54965209960938 49.64675521850586 66.81550598144531 63.65166091918945 64.48851013183594
0.16105417276720352 35.53001403808594 90.6760482788086 56.25483322143555 70.67725372314453 37.68864440917969 97.06187438964844 48.03001403808594 66.42601776123047 63.830665588378906 62.13617706298828
0.16691068814055635 33.611167907714844 86.3455581665039 53.79564666748047 65.77511596679688 36.80952835083008 95.90570068359375 48.08576202392578 64.69097900390625 60.451576232910156 61.93621063232422
0.17276720351390923 32.686500549316406 87.29045867919922 53.0787467956543 65.92389678955078 35.130516052246094 94.8232421875 45.702171325683594 64.35260009765625 60.54579544067383 59.15532684326172
0.17862371888726208 31.457382202148438 80.67236328125 51.32831573486328 63.53759765625 34.30640411376953 90.7739486694336 45.41780471801758 59.332550048828125 58.06962203979492 58.126319885253906
0.18448023426061494 30.79741859436035 77.37462615966797 50.90342712402344 63.06456756591797 33.27996826171875 90.59431457519531 43.57448959350586 58.499053955078125 56.4847412109375 56.78995895385742
0.1903367496339678 29.228734970092773 74.94182586669922 48.494850158691406 61.69658279418945 31.616418838500977 88.24977111816406 42.49647903442383 57.422637939453125 55.57709503173828 55.667816162109375
0.19619326500732062 28.509246826171875 76.2435302734375 46.67414474487305 58.971649169921875 30.767932891845703 85.65486145019531 39.650230407714844 55.94524383544922 53.23759841918945 52.631134033203125
0.2020497803806735 27.218408584594727 73.39034271240234 45.014198303222656 57.6569709777832 29.59579849243164 79.35177612304688 38.20781707763672 53.44681930541992 49.982418060302734 51.467376708984375
0.20790629575402636 26.485157012939453 71.57102966308594 43.841121673583984 55.254920959472656 28.098114013671875 80.6207046508789 37.94070816040039 51.63923263549805 48.6956672668457 49.196632385253906
0.21376281112737922 25.091670989990234 70.4673080444336 42.653961181640625 53.1437873840332 27.301904678344727 79.14750671386719 35.240440368652344 51.05223846435547 47.54819869995117 48.04688262939453
0.21961932650073207 24.35163116455078 65.46458435058594 39.930091857910156 51.27068328857422 25.72745704650879 71.47296142578125 34.48125076293945 49.576942443847656 44.83678436279297 46.76887512207031
0.2254758418740849 23.034648895263672 61.8377685546875 37.827518463134766 48.93938446044922 24.707372665405273 70.41011047363281 32.93925094604492 47.673377990722656 43.55602264404297 44.79819869995117
0.23133235724743778 22.27353286743164 58.295806884765625 36.44310760498047 47.046775817871094 24.234121322631836 69.91210174560547 31.263525009155273 45.075164794921875 41.605735778808594 43.955753326416016
0.23718887262079064 21.166555404663086 56.9221305847168 35.50716781616211 45.00865173339844 22.894678115844727 63.2631721496582 30.127248764038086 44.34477233886719 39.10190200805664 41.50248718261719
0.2430453879941435 20.53190040588379 56.05910110473633 33.541534423828125 43.50227737426758 21.83867835998535 62.29719924926758 28.63637351989746 40.88322448730469 38.51354217529297 38.72541046142578
0.24890190336749635 19.68753433227539 53.388038635253906 33.28980255126953 42.572696685791016 20.643817901611328 59.29026412963867 27.131942749023438 39.52517318725586 36.76413345336914 38.38275909423828
0.2547584187408492 18.6634464263916 52.19611358642578 31.546558380126953 39.68417739868164 19.75413703918457 59.150978088378906 26.872039794921875 38.8963737487793 34.150550842285156 36.0561637878418
0.26061493411420206 17.881532669067383 48.747718811035156 30.369369506835938 37.173118591308594 19.107725143432617 56.638267517089844 24.456478118896484 37.67301940917969 33.73766326904297 34.50513458251953
0.2664714494875549 16.901432037353516 47.39276885986328 28.15884017944336 36.92352294921875 18.359697341918945 55.6396598815918 24.04202651977539 35.27920150756836 31.525283813476562 33.190696716308594
0.27232796486090777 16.30928611755371 42.76142883300781 26.458898544311523 35.47592544555664 16.828882217407227 51.4892692565918 23.391986846923828 32.8640022277832 30.881235122680664 31.850292205810547
0.2781844802342606 15.604351997375488 42.26592254638672 25.904489517211914 33.930519104003906 16.488719940185547 51.364349365234375 21.575416564941406 31.810388565063477 28.546199798583984 29.199283599853516
0.2840409956076135 14.602724075317383 40.248809814453125 24.590225219726562 31.395721435546875 15.981412887573242 47.68423080444336 20.50908851623535 29.755611419677734 27.55123519897461 28.9581356048584
0.28989751098096633 14.038235664367676 37.43522262573242 23.4046688079834 30.875329971313477 14.713861465454102 43.6427116394043 20.037616729736328 29.39501953125 26.245208740234375 28.0835018157959
0.2957540263543192 13.496721267700195 36.511268615722656 21.475753784179688 29.047760009765625 14.377023696899414 42.48746871948242 18.390037536621094 27.998615264892578 25.008974075317383 26.303409576416016
0.30161054172767204 13.038436889648438 35.26675033569336 21.27365493774414 28.09999656677246 13.607603073120117 40.821319580078125 17.91889190673828 26.542530059814453 23.41250228881836 24.861927032470703
0.3074670571010249 12.150032997131348 30.908206939697266 20.21262550354004 26.204883575439453 12.832880973815918 40.08047866821289 17.785606384277344 26.4322509765625 22.546741485595703 23.70953941345215
0.31332357247437775 12.001917839050293 32.11414337158203 19.358570098876953 25.765588760375977 12.188279151916504 35.140438079833984 16.605710983276367 26.09151268005371 21.58914566040039 22.527301788330078
0.31918008784773055 11.494154930114746 30.033615112304688 18.770139694213867 24.240840911865234 11.928163528442383 35.31553268432617 16.285165786743164 22.4760684967041 20.727340698242188 21.56587791442871
0.3250366032210834 10.986113548278809 29.462047576904297 17.04859161376953 23.078182220458984 11.386722564697266 35.142005920410156 14.723989486694336 21.68863868713379 19.384321212768555 20.445724487304688
0.3308931185944363 10.209390640258789 25.957763671875 17.097736358642578 21.589136123657227 10.916690826416016 32.59449768066406 14.561297416687012 21.383922576904297 18.580158233642578 19.908092498779297
0.3367496339677892 10.097105979919434 26.059524536132812 16.516986846923828 20.966312408447266 10.439847946166992 32.56952667236328 14.704643249511719 20.276775360107422 17.891544342041016 19.361474990844727
0.34260614934114203 9.832594871520996 24.466724395751953 15.26586627960205 19.518239974975586 10.068927764892578 29.978225708007812 13.005819320678711 18.943111419677734 17.070295333862305 18.34933853149414
0.34846266471449483 9.264565467834473 23.300142288208008 14.861613273620605 20.00012969970703 9.526176452636719 28.717151641845703 12.785638809204102 18.359085083007812 16.082914352416992 17.485523223876953
0.3543191800878477 8.877659797668457 22.808866500854492 13.929122924804688 18.05891227722168 9.246726989746094 28.317882537841797 12.49765396118164 17.82141876220703 15.8016996383667 16.575586318969727
0.3601756954612006 8.606528282165527 22.07141876220703 13.326971054077148 16.79977035522461 8.87977409362793 24.58402442932129 11.486223220825195 17.236602783203125 14.878039360046387 15.946698188781738
0.36603221083455345 8.358064651489258 20.893665313720703 13.102113723754883 16.510791778564453 8.562339782714844 25.157949447631836 11.488507270812988 16.703983306884766 14.435145378112793 15.39551067352295
0.3718887262079063 8.131580352783203 19.527942657470703 12.425518035888672 15.6688232421875 8.173117637634277 24.080354690551758 10.954837799072266 16.34684944152832 13.622735977172852 14.79584789276123
0.3777452415812591 7.549370765686035 19.28179359436035 12.234633445739746 15.264300346374512 7.973143577575684 22.495250701904297 10.135926246643066 15.212060928344727 13.379255294799805 14.002325057983398
0.38360175695461196 7.5958051681518555 17.93126678466797 11.680363655090332 14.58293628692627 7.434176445007324 22.151317596435547 10.002885818481445 14.807185173034668 12.887245178222656 13.47265911102295
0.38945827232796487 7.030735969543457 17.544605255126953 10.861372947692871 13.98076057434082 7.199601173400879 20.60888671875 9.634526252746582 13.901659965515137 12.170005798339844 13.159762382507324
0.3953147877013177 6.907305717468262 16.079730987548828 10.66784381866455 14.103503227233887 7.226494789123535 20.720651626586914 9.322846412658691 13.624987602233887 11.748744010925293 12.487133979797363
0.4011713030746706 6.838552951812744 15.117207527160645 10.450769424438477 12.824930191040039 6.778685569763184 19.01336669921875 9.279940605163574 13.142057418823242 10.96224594116211 12.1681547164917
0.4070278184480234 6.419549465179443 14.413366317749023 9.859189987182617 12.078221321105957 6.315635681152344 19.28970718383789 8.953631401062012 12.572306632995605 10.62791919708252 11.798712730407715
0.41288433382137624 6.121728897094727 14.272886276245117 9.430190086364746 12.042718887329102 6.308299541473389 16.48251724243164 8.480620384216309 12.374679565429688 10.365653991699219 11.25019645690918
0.41874084919472915 6.08785343170166 13.208602905273438 9.442163467407227 11.15380859375 6.171828269958496 16.605913162231445 8.004341125488281 11.899188995361328 10.195846557617188 10.652813911437988
0.424597364568082 5.834812641143799 12.916595458984375 8.724055290222168 10.412796020507812 5.805304527282715 15.715411186218262 7.921975612640381 11.289623260498047 9.687685012817383 10.572751998901367
0.43045387994143486 5.892525672912598 12.86909294128418 8.624446868896484 10.24064826965332 5.671827793121338 16.360870361328125 7.876590728759766 10.847355842590332 9.430015563964844 10.103108406066895
0.43631039531478766 5.627482891082764 13.182019233703613 8.573579788208008 9.829193115234375 5.527749061584473 15.157902717590332 7.7136945724487305 10.06464672088623 9.42330265045166 9.353578567504883
0.4421669106881405 5.531477928161621 11.870646476745605 8.136443138122559 10.049610137939453 5.340966701507568 14.867387771606445 7.287081718444824 10.815515518188477 8.686189651489258 9.308624267578125
0.4480234260614934 5.3214111328125 11.49698543548584 7.625344753265381 9.721633911132812 5.2616658210754395 14.40326976776123 7.209517002105713 9.664616584777832 8.509062767028809 9.17578411102295
0.4538799414348463 5.116528034210205 10.706442832946777 7.103524208068848 9.415395736694336 4.951991081237793 13.222399711608887 7.001381874084473 9.871103286743164 8.491621017456055 8.56000804901123
0.45973645680819913 5.060647010803223 11.380805969238281 7.421414852142334 8.188100814819336 4.978174209594727 12.689813613891602 6.7790937423706055 8.97885513305664 8.303610801696777 8.00989818572998
0.46559297218155193 4.939631462097168 10.06399154663086 6.858192443847656 8.179774284362793 4.742493629455566 13.219894409179688 7.047088623046875 8.812313079833984 7.674158573150635 8.496492385864258
0.4714494875549048 4.659748077392578 9.5764741897583 7.1510796546936035 8.12745475769043 4.472556114196777 11.70273208618164 6.654212951660156 8.446489334106445 7.922030448913574 8.249994277954102
0.4773060029282577 4.739851951599121 9.321367263793945 6.383881568908691 7.671956539154053 4.361487865447998 11.70557689666748 6.2954888343811035 8.280747413635254 7.192133903503418 7.854657173156738
0.48316251830161056 4.640823841094971 8.892125129699707 5.927058219909668 7.6936163902282715 4.414243698120117 11.399279594421387 6.126016139984131 7.830666542053223 7.287699222564697 7.972587585449219
0.4890190336749634 4.53844690322876 9.179727554321289 6.027769565582275 7.14333963394165 4.543870449066162 11.131103515625 6.106346130371094 7.6060380935668945 6.930371284484863 7.2287726402282715
0.4948755490483162 4.38198184967041 8.247547149658203 6.107431411743164 7.192163944244385 4.078444480895996 11.322196960449219 5.663527488708496 7.905613899230957 7.0112810134887695 6.700223445892334
0.5007320644216691 4.209654331207275 7.563233852386475 5.668695449829102 6.4518327713012695 4.138972282409668 9.824718475341797 5.0632524490356445 7.572892189025879 6.492603302001953 6.441009521484375
0.5065885797950219 4.121755123138428 8.220169067382812 5.486514568328857 7.422798156738281 3.924034595489502 9.362632751464844 5.423431396484375 7.4679856300354 6.280067443847656 6.876501560211182
0.5124450951683748 4.045530796051025 7.9330854415893555 5.527271270751953 5.786273002624512 3.946683406829834 9.317667961120605 5.415609836578369 7.032567501068115 6.169158935546875 6.708852291107178
0.5183016105417277 3.823740005493164 7.708619594573975 5.179384708404541 6.261673450469971 3.6320316791534424 9.246149063110352 5.4398064613342285 6.68045711517334 6.2169671058654785 6.744955539703369
0.5241581259150805 3.8524365425109863 7.6010847091674805 5.120206356048584 5.8801093101501465 3.6612350940704346 9.473663330078125 4.9490065574646 6.621987342834473 6.233589172363281 6.372021675109863
0.5300146412884333 3.99456524848938 8.29462718963623 5.339794158935547 5.979423522949219 3.613510847091675 8.340486526489258 4.716242790222168 6.508791446685791 5.47317361831665 6.125913619995117
0.5358711566617862 3.666038990020752 6.131022930145264 4.9850921630859375 5.868714809417725 3.723512649536133 8.089780807495117 4.772463798522949 6.319512844085693 5.828187942504883 5.891595840454102
0.5417276720351392 3.3205173015594482 7.022541046142578 4.913654804229736 5.892656326293945 3.284836530685425 8.635824203491211 4.293196678161621 5.538817405700684 5.239175319671631 6.012857437133789
0.547584187408492 3.436812162399292 6.145258903503418 4.404558181762695 5.742051601409912 3.219825267791748 6.273380756378174 4.121168613433838 6.214987754821777 5.297255039215088 5.867050647735596
0.5534407027818448 3.3963940143585205 6.683923244476318 4.4411301612854 5.728178977966309 3.114901542663574 7.3487091064453125 4.381148815155029 6.608709812164307 5.464693546295166 5.530901908874512
0.5592972181551976 3.469597339630127 6.221264839172363 4.554339408874512 5.290410995483398 3.4151244163513184 7.587706089019775 4.144332408905029 5.510632514953613 5.223752021789551 5.565321922302246
0.5651537335285505 3.0982275009155273 5.7658891677856445 4.82509708404541 4.9815216064453125 3.3581383228302 7.844696044921875 3.968698024749756 5.704816818237305 5.365694046020508 5.696187973022461
0.5710102489019033 3.3708157539367676 6.34987735748291 4.214280605316162 4.402935981750488 3.295703411102295 7.316351890563965 4.070332050323486 5.571774005889893 4.8228631019592285 5.243339538574219
0.5768667642752563 3.1865949630737305 6.147645473480225 4.054478168487549 4.9156975746154785 3.1125919818878174 6.594051361083984 4.12529993057251 5.47824764251709 4.812103271484375 4.991629123687744
0.582723279648609 3.0104424953460693 5.190808296203613 4.286770820617676 4.438248634338379 2.833568572998047 5.895357131958008 3.8646576404571533 5.054148197174072 4.73336935043335 4.471955299377441
0.5885797950219619 2.769866466522217 5.546530246734619 4.034185409545898 4.737820625305176 2.922799825668335 7.119731903076172 3.7705273628234863 5.1497626304626465 4.770207405090332 4.631817817687988
0.5944363103953147 3.032766342163086 5.651919364929199 3.9786407947540283 4.646892070770264 2.5024704933166504 6.571938991546631 3.958324909210205 5.193793773651123 4.696038722991943 4.896186351776123
0.6002928257686677 2.893350124359131 4.8420737981796265 3.6549525260925293 3.671778440475464 2.716888904571533 6.523176670074463 3.548119068145752 4.752889156341553 4.393525123596191 4.723453521728516
0.6061493411420206 2.610023021697998 5.462343692779541 3.257420301437378 4.6804423332214355 2.8422749042510986 5.384265112876892 3.3701343536376953 4.962522506713867 4.158839225769043 4.291291236877441
0.6120058565153733 2.498239755630493 4.686489677429199 2.864467978477478 4.058723449707031 2.615565776824951 4.750534534454346 3.417961835861206 4.565040588378906 4.78942346572876 5.041863441467285
0.6178623718887262 2.544203996658325 4.18592643737793 3.0539660453796387 4.1683855056762695 2.411137104034424 5.887681007385254 3.3586316108703613 4.647721290588379 4.244948387145996 3.714211940765381
0.623718887262079 2.2319722175598145 4.282568168640137 3.9158453941345215 3.5623021125793457 2.3467397689819336 5.184348106384277 3.0029078364372253 4.538453102111816 3.631908893585205 4.161954879760742
0.6295754026354319 2.610135555267334 3.8086151123046874 3.5092233657836913 3.710261106491089 2.6759834766387938 5.152844429016113 3.245068311691284 4.382117748260498 3.8358352184295654 3.928128480911255
0.6354319180087847 2.3342361450195312 4.464891457557679 3.368623733520508 3.716926407814026 2.6284711360931396 3.2810865163803102 3.6669986248016357 4.298320293426514 3.78052020072937 3.6780331134796143
0.6412884333821377 1.9539892673492432 4.28702974319458 2.9655909538269043 3.6712393760681152 2.519883155822754 4.011900520324707 3.3381762504577637 3.991722822189331 4.157564640045166 3.9845218658447266
0.6471449487554904 2.074410969018936 3.860943555831909 1.9293020725250245 3.9257266521453857 2.380000591278076 4.907439911365509 2.7691032886505127 4.740533828735352 3.740826368331909 3.690943717956543
0.6530014641288433 1.8480342745780944 3.0550387859344483 2.5882577896118164 3.5132110118865967 2.0156946182250977 2.99216468334198 3.0074198722839354 4.009961557388306 3.4252829551696777 3.542158603668213
0.6588579795021963 2.24515700340271 3.562979555130005 2.6196146488189695 3.0288787305355074 2.094247341156006 4.148624968528748 2.2593218445777894 3.543910503387451 3.3040966987609863 2.8206336736679076
0.664714494875549 2.252939462661743 3.6452414989471436 3.0167353987693786 2.15018048286438 1.3258434534072876 4.165419197082519 2.328740918636322 2.7642135858535766 3.3622775077819824 3.060138796269894
0.670571010248902 1.9715466976165772 3.075658452510834 2.8445648670196535 2.8915945827960967 1.840190577507019 5.383401393890381 3.2288620471954346 3.5948777198791504 2.4605304658412934 3.707848310470581
0.6764275256222547 2.0999844074249268 3.117550826072693 2.552767276763916 2.5937023222446443 2.0441263794898985 4.461682200431824 2.501681089401245 2.886523097753525 3.116255521774292 3.2513134479522705
0.6822840409956076 1.9376821517944336 3.5595974922180176 2.1335292220115663 2.4127681374549867 2.017788887023926 1.9429647564888 2.095473623275757 4.033277106285095 2.788192105293274 3.123134183883667
0.6881405563689604 1.7980478167533875 2.1601890683174134 2.784041404724121 3.651439666748047 1.5715644717216493 4.130699634552002 2.2938261151313784 3.1429409980773926 2.745106279850006 3.256239652633667
0.6939970717423133 1.8645241260528564 3.652140438556671 2.2874545782804487 2.890082359313965 1.422417515516281 3.022603750228882 1.6009515643119812 2.8808915615081787 2.0576900482177733 3.006925106048584
0.6998535871156663 1.7459585666656494 1.4739535391330718 1.6175387859344483 2.5761542320251465 1.5145018756389619 2.1752972841262816 1.59855397939682 3.167151927947998 2.5891560196876524 3.093133783340454
0.705710102489019 2.0516326427459717 2.447671627998352 1.7160337567329407 2.6746532201766966 1.6221498191356658 4.11263370513916 1.9903337240219117 2.632896625995636 2.9361205101013184 3.3783798217773438
0.7115666178623719 1.2790586069226264 2.005415362119675 1.5285825192928315 2.6858402848243714 2.131190776824951 3.0714042663574217 1.8037964582443238 2.861998176574707 2.6675915718078613 2.2736682176589964
0.7174231332357248 1.9894338369369506 2.281830072402954 1.7392402410507202 3.2407079935073853 1.223638367652893 2.4931246042251587 1.5784887313842773 2.2646201968193056 3.0474188327789307 1.825588047504425
0.7232796486090776 1.838031256198883 4.126640677452087 2.1193970680236816 1.1838950123637915 1.2006233215332032 4.131226789951325 1.9038127660751343 2.7333312034606934 2.5933149337768553 2.8104248523712156
0.7291361639824305 1.5077606052160264 2.1519564747810365 2.0684181213378907 1.6535989105701447 1.2727598607540132 3.925822305679321 1.5542554259300232 2.184004247188568 2.6844436645507814 2.346662759780884
0.7349926793557833 1.05331791639328 3.8217337846755983 1.2867314100265503 1.8204469561576844 1.4792560636997223 3.163524794578552 1.4757265865802764 1.8669413566589355 1.473654294013977 2.399681806564331
0.7408491947291361 1.6321682035923004 2.7617677807807923 1.8730415463447572 2.046286737918854 1.0021366417407989 2.8345949172973635 2.077056121826172 1.8700251221656798 2.0361573815345766 2.090901017189026
0.746705710102489 1.0504988431930542 1.9550906062126159 1.9440010786056519 2.4092822909355163 1.0018871545791626 3.0552922606468202 1.1387585878372193 2.5057119607925413 1.3457490086555481 1.8188350796699524
0.7525622254758418 1.5081236839294434 2.847733974456787 1.6714345514774323 1.947422480583191 1.5873152375221253 2.580955845117569 1.3710875034332275 2.1196805775165557 2.0326444536447523 2.542302906513214
0.7584187408491948 1.6769841313362122 1.9929810106754302 1.375562036037445 1.2984759330749511 1.3996789693832397 2.577686774730682 1.2847204446792602 2.5668712139129637 1.4263230979442596 1.956419003009796
0.7642752562225475 1.8137342929840088 2.083532989025116 1.8085667610168457 1.8357107400894166 1.1350571274757386 2.243296706676483 1.713670814037323 1.9654155850410462 2.2049829393625258 2.171630311012268
0.7701317715959004 1.422224324941635 1.5579150199890137 1.6019400238990784 2.1711324751377106 1.7231719970703125 3.1163220405578613 1.1438618302345276 2.9773257255554197 1.811396324634552 1.633786153793335
0.7759882869692534 0.9991637706756592 0.8522690534591675 1.2573371291160584 1.8875293374061584 1.5903531670570374 4.1657459259033205 1.5358238339424133 2.466920042037964 1.6811282217502594 2.0750144481658936
0.7818448023426061 1.0634607434272767 2.6050958752632143 1.8627411067485808 1.3341144919395447 1.1245810866355896 2.1963004589080812 1.0041228786110878 2.5098403692245483 1.7162665247917175 1.5350902378559113
0.7877013177159591 0.9305703282356262 1.7031686186790467 1.871910774707794 1.4337150812149049 0.8122585475444793 2.2199315667152404 2.0550380825996397 2.133615958690643 2.2221893310546874 1.6931749701499939
0.7935578330893118 1.4061618268489837 2.202283914387226 1.4604590773582458 1.7383288860321044 1.374988889694214 1.4521526932716369 1.0533962428569794 1.635703182220459 2.5367082595825194 1.5877033561468124
0.7994143484626647 1.119798332452774 1.5432950496673583 1.0642178058624268 1.6250095427036286 0.5722352683544158 2.743927836418152 1.262074241042137 2.6521162569522856 2.0610236525535583 1.0864745646715164
0.8052708638360175 0.9576424419879913 1.985469126701355 1.213365364074707 1.052828124165535 1.1668735772371293 2.6563961505889893 1.183270812034607 1.8786827325820923 1.8349980592727662 1.791588270664215
0.8111273792093704 0.5081660211086273 3.2561180233955382 1.0837127059698104 1.6497414112091064 0.9298243403434754 2.289606285095215 0.7485580444335938 2.061817932128906 1.88469557762146 1.4189245104789734
0.8169838945827234 1.2897705733776093 2.58829402923584 0.8666964203119278 1.5364770948886872 0.9373233675956726 2.479346388578415 1.4487330436706543 2.1801443099975586 2.142686966061592 0.8654806196689606
0.8228404099560761 1.0175550758838654 1.6407727241516112 2.0634031295776367 1.7325839877128602 0.6540471136569976 1.587045669555664 0.8314746797084809 2.0247135877609255 1.3212948799133302 2.334675395488739
0.828696925329429 0.6993971705436707 1.9045730113983155 0.750950837135315 1.122210192680359 0.7601543471217156 2.1521842628717422 1.3112227320671082 1.0504109144210816 1.2917912751436234 1.17206152677536
0.8345534407027819 1.4787668228149413 2.0559283450245855 1.127467978000641 1.5774691343307494 0.7943623512983322 1.84036625623703 0.5225478649139405 2.1913530051708223 2.2570319294929506 1.497551953792572
0.8404099560761347 0.9123485147953033 1.7635555982589721 1.337963405251503 1.0351716160774231 1.1942234635353088 0.9373042345046997 1.02054044008255 2.4342057585716246 1.6827247500419618 1.226141369342804
0.8462664714494876 1.3265985071659088 1.507275652885437 0.559149968624115 1.0335884869098664 0.5260271251201629 2.1896841526031494 0.7025557398796082 2.0450361609458922 1.6232386589050294 1.5997222781181335
0.8521229868228404 0.6475643515586853 0.6718218266963959 0.8438195943832397 1.1633784651756287 0.18899400234222413 2.4308699131011964 1.025733268260956 1.614888322353363 1.3918327569961548 0.6553768754005432
0.8579795021961932 0.883911269903183 1.1086072087287904 0.978622305393219 1.4545070767402648 0.5393912374973298 2.315618175268173 1.0038696944713592 1.3598396480083466 1.03940806388855 2.0377391576766968
0.8638360175695461 0.9742816507816314 1.39038987159729 1.065966972708702 0.4649880290031433 0.7775490522384644 1.9941155195236206 0.9266279578208924 1.969029676914215 0.6834649026393891 0.9215980231761932
0.8696925329428989 0.901155698299408 0.5626042604446411 1.4757796496152877 1.6637131094932556 0.7603962600231171 3.237393796443939 0.5906957149505615 1.4293930530548096 1.217561674118042 1.3019675731658935
0.8755490483162519 0.5368207722902298 1.1892504572868348 0.9004846453666687 0.35163666009902955 0.753939950466156 1.1872897744178772 0.7524273581802845 1.3851798593997955 1.0211775839328765 1.2574276685714723
0.8814055636896047 0.8139271259307861 1.2968074321746825 0.36759605407714846 1.7376909613609315 1.1181055366992951 1.888301157951355 0.9590463101863861 0.7144186645746231 1.2389734506607055 1.2736590564250947
0.8872620790629575 0.42505950927734376 1.2586891889572143 0.6238294243812561 1.155772078037262 0.7658942997455597 2.6751455307006835 0.5752944827079773 0.7460193514823914 0.8433595418930053 0.9351915508508682
0.8931185944363105 1.120348459482193 2.2325301826000215 1.2731748163700103 1.4424844056367874 0.8434409603476525 1.1017223358154298 0.7523483097553253 1.6188388973474503 1.4066308915615082 0.7890705943107605
0.8989751098096632 0.6501658707857132 0.9231556296348572 1.8422099828720093 1.4149111986160279 0.7278061747550965 0.7138416767120361 0.7777535915374756 1.2501166939735413 1.32668976187706 0.369634211063385
0.9048316251830162 0.5547727108001709 1.7484493255615234 0.7239213168621064 1.0245464205741883 0.31847676932811736 1.8308888018131255 0.8133479714393616 1.7025746941566466 1.4608121812343597 1.3421179413795472
0.9106881405563689 1.288031780719757 1.0146181225776671 0.9420988857746124 1.207164180278778 0.7093897879123687 1.3981252312660217 0.7294867694377899 1.0883853673934936 0.7343499541282654 1.0842226266860961
0.9165446559297218 0.9560367703437805 1.6293697595596313 0.7536148428916931 1.450316858291626 0.2926555246114731 2.2201797723770142 1.2244213581085206 1.052133023738861 1.0395612239837646 1.3245904684066772
0.9224011713030746 1.1461117446422577 1.2888024389743804 1.0902370452880858 0.7914229214191437 0.41567992568016054 1.773677149415016 1.0828980207443237 1.8606168270111083 1.030011135339737 1.2670947670936585
0.9282576866764275 0.5583612948656083 0.9509348273277283 1.038796639442444 1.1249238848686218 0.6463563859462738 2.030165421962738 1.154308271408081 0.24933170080184935 1.9461814880371093 2.0779887795448304
0.9341142020497805 0.21129851341247557 1.7382363319396972 1.051994925737381 1.7304640412330627 1.051160180568695 1.013037633895874 1.1737653970718385 1.3078442811965942 0.2939544677734375 1.3195718944072723
0.9399707174231332 0.6265236020088196 0.5390144944190979 0.9697565555572509 0.7275802969932557 0.5273845613002777 2.4906190633773804 0.4012893557548523 1.7718167543411254 1.1328696310520172 0.8619943737983704
0.9458272327964861 0.47994223833084104 0.7963779687881469 0.7613876223564148 0.6014412760734558 0.590752100944519 1.1884986639022828 0.6872396171092987 0.6348562836647034 0.9951954618096351 1.2469545483589173
0.951683748169839 0.9157349586486816 0.5869777493178845 1.3988666743040086 1.777492606639862 0.6675806403160095 1.190988165140152 0.6795521795749664 0.8510517835617065 0.6005774080753327 0.34879426956176757
0.9575402635431918 0.43146088123321535 1.0086591303348542 0.3293737769126892 1.1440007448196412 0.48391003608703614 2.5053778409957888 0.2927558422088623 1.7098845481872558 0.8266467809677124 0.7250441074371338
0.9633967789165447 0.4569697201251984 1.3075782656669617 0.3732473611831665 0.9687614887952805 0.8013763010501862 1.396902370452881 0.7402209401130676 1.2505761861801148 1.2126510500907899 0.8133341789245605
0.9692532942898975 0.7949309110641479 1.3137511134147644 0.7147609472274781 0.6137559056282044 0.7344992756843567 2.1528720617294312 1.03291876912117 1.797503912448883 0.7258732795715332 1.245928955078125
0.9751098096632503 0.13390043475665153 1.95944344997406 0.9489625573158265 1.2584980010986329 0.5761932641267776 1.7618475198745727 0.0 1.0146704256534576 0.9115919947624207 0.6423465266823769
0.9809663250366032 0.5373847991228103 0.8212024450302124 1.2275063514709472 1.2584478318691255 0.4238938748836517 1.6398443222045898 1.3003567337989808 1.6042930841445924 1.2706347703933716 0.6297242641448975
0.986822840409956 0.5446028858423233 1.013947394490242 0.832185872644186 0.7480488538742065 0.7848391711711884 0.9581883907318115 0.7341237425804138 1.6321696996688844 0.6277893126010895 1.5981369763612747
0.992679355783309 0.3843369219038222 1.6938860416412354 1.598334166738722 0.4143528805838691 0.519742402765486 1.3602788978152804 0.7241537239816453 0.5719691978560554 0.8386019865671793 0.812937339146932
